100
90 44 57 5 27 7 82 85 59 82 27 49 76 50 63 95 75 35 64 89 80 83 49 79 30 95 3 1 47 39 61 80 92 86 7 7 2 43 95 46 52 35 39 74 26 64 19 72 78 7 42 45 100 25 41 6 45 79 1 50 59 40 36 39 50 10 58 32 11 12 36 14 57 74 41 27 77 46 7 24 96 89 83 97 95 67 72 78 63 50 2 85 64 77 42 36 76 40 71 16
67 12 13 61 30 89 59 81 53 4 71 4 23 35 46 23 21 38 8 0 27 83 91 84 78 12 16 41 61 77 45 34 88 65 80 54 33 63 80 44 85 69 59 2 71 49 86 62 45 85 89 13 32 83 11 73 92 50 6 14 14 29 28 56 36 53 97 94 71 16 51 87 41 68 34 32 92 35 62 79 29 32 94 0 13 44 93 19 46 38 52 37 45 69 48 34 100 55 26 10
17 82 50 21 95 94 74 92 26 39 98 70 4 43 97 74 44 39 45 61 42 42 4 25 9 84 35 18 20 68 67 15 17 12 59 99 96 10 97 88 27 29 86 38 0 13 16 54 32 38 76 28 91 57 35 17 71 70 8 19 100 78 85 44 38 40 29 54 65 84 96 87 1 15 90 81 83 57 51 61 44 99 38 90 82 78 77 74 63 38 98 46 25 40 28 50 37 85 28 61
82 63 38 99 87 95 89 61 33 74 25 2 8 50 7 21 73 28 23 27 12 64 60 63 12 43 29 44 24 48 80 14 47 98 33 26 36 88 37 96 12 44 7 28 83 25 15 51 25 51 41 70 87 75 90 1 33 38 88 85 75 50 75 40 27 67 60 17 74 93 18 68 26 19 100 55 42 96 79 88 85 33 14 36 71 52 39 17 28 48 75 50 34 5 88 21 21 99 55 88
12 43 4 8 99 70 67 47 82 67 58 16 64 97 94 40 33 43 28 47 22 42 56 10 1 100 27 86 41 52 63 47 70 56 13 90 40 96 33 71 88 4 0 68 84 1 100 68 33 97 32 100 78 94 34 72 60 1 45 1 24 60 34 87 54 87 49 72 87 35 84 94 1 38 92 31 12 1 46 31 84 13 85 32 75 4 96 42 93 7 88 48 2 96 97 94 45 58 75 84
51 51 65 88 89 82 41 14 55 54 10 47 24 34 17 66 34 90 23 41 11 54 45 44 6 47 0 80 50 12 76 75 5 18 56 94 75 5 86 78 66 16 92 59 55 54 51 65 15 88 56 12 3 27 8 64 37 47 7 96 61 97 5 75 40 72 2 61 83 80 2 42 39 44 46 15 9 79 70 97 16 49 83 94 44 7 73 13 47 20 82 15 60 42 93 12 7 28 6 63
1 80 0 92 23 35 2 47 38 76 20 19 1 4 8 100 51 12 34 57 40 85 50 49 53 56 69 16 19 75 2 27 5 19 4 57 5 18 32 46 89 82 17 42 92 26 11 80 92 80 48 34 24 83 50 100 62 96 78 15 23 28 35 8 53 17 48 75 44 30 92 7 60 3 77 31 61 76 82 0 5 35 39 92 17 21 34 55 57 65 98 66 6 93 10 66 31 63 46 10
61 48 89 94 1 26 65 90 30 15 31 50 87 28 44 41 93 45 75 32 25 78 57 40 82 9 96 41 66 33 22 96 47 12 81 20 21 6 54 22 14 43 88 27 39 85 31 59 47 13 11 56 91 52 47 69 46 23 67 36 58 49 30 79 80 9 89 55 18 96 64 56 58 72 0 49 16 38 63 37 84 34 25 85 75 67 87 40 21 33 77 84 21 16 76 27 15 55 8 14
2 11 50 86 43 77 45 88 53 73 77 36 0 79 34 71 64 92 73 67 12 18 9 94 85 76 48 3 49 50 77 84 47 29 62 57 8 48 71 91 55 84 47 10 81 12 73 81 34 61 50 4 24 85 23 24 85 46 23 3 58 54 11 62 94 2 12 69 32 64 74 17 87 7 19 29 63 96 80 85 99 78 4 5 22 63 59 65 27 69 17 25 38 66 81 30 89 40 25 63
84 32 65 92 35 94 3 42 38 60 66 4 93 67 97 95 64 39 59 71 76 15 97 61 46 6 14 81 71 99 69 98 55 32 71 98 15 35 30 50 65 30 5 6 80 30 3 84 94 37 65 1 71 99 9 16 46 5 24 43 74 85 15 14 87 11 27 60 67 66 84 59 23 29 77 54 61 94 76 51 39 11 30 97 21 33 51 51 61 69 22 28 12 57 59 16 19 37 42 76
18 70 88 95 77 87 7 20 21 2 51 26 93 54 63 42 36 69 58 39 84 27 49 11 48 27 51 36 66 62 6 0 41 42 30 44 22 55 29 44 56 8 9 38 18 25 7 15 44 53 50 45 5 40 94 61 5 10 90 13 94 95 25 21 67 45 16 86 18 39 29 72 25 22 75 30 12 71 23 89 79 77 12 0 4 3 19 45 92 83 33 51 8 13 91 96 91 78 46 84
90 87 99 58 26 51 41 70 12 18 88 89 32 48 57 42 30 21 38 16 24 49 53 57 99 1 43 76 81 23 22 38 38 67 21 97 42 6 41 24 25 88 17 51 15 25 73 70 72 17 21 1 43 79 63 19 88 60 3 48 19 52 82 60 49 52 49 93 72 32 6 90 88 46 28 43 82 27 96 32 22 14 81 15 88 22 91 36 19 58 10 45 17 29 2 32 72 90 7 96
38 23 52 24 86 82 52 54 39 86 59 93 12 91 77 62 61 70 45 11 75 43 75 12 95 56 80 83 93 29 40 52 37 78 6 35 38 78 98 60 78 4 12 67 65 2 37 25 55 58 29 10 4 63 12 67 34 38 71 94 39 34 80 94 45 29 22 25 36 98 30 27 27 48 41 39 69 95 1 96 65 71 12 39 96 27 68 53 67 35 73 20 10 38 98 87 85 24 80 21
4 14 100 93 26 82 67 78 23 96 79 71 80 83 63 100 33 22 10 39 18 38 12 68 48 80 55 33 14 49 9 40 35 93 8 64 95 6 10 96 37 17 6 28 26 26 71 90 26 80 34 80 26 10 32 29 14 66 21 66 94 36 94 30 55 1 99 61 15 94 38 96 4 5 59 85 88 94 36 80 80 100 39 64 42 77 59 18 57 97 35 23 53 26 96 95 95 22 22 90
71 36 6 72 53 70 83 58 49 71 45 0 11 39 55 36 60 98 6 7 16 8 45 32 74 73 98 71 86 7 55 49 17 89 80 12 50 100 97 85 39 16 71 94 51 24 94 11 40 94 41 86 69 11 82 10 84 12 15 65 30 75 45 45 44 7 25 63 83 48 66 7 91 68 59 44 95 70 48 16 85 47 77 68 37 32 86 79 34 92 5 89 92 7 51 41 20 71 13 38
20 24 44 63 29 96 43 86 48 66 91 42 13 96 59 46 44 94 68 76 69 43 80 100 93 53 29 8 96 24 54 83 3 82 93 86 65 42 65 6 21 7 48 55 51 100 11 66 1 97 41 31 52 99 60 53 30 73 13 44 14 10 73 98 92 55 46 53 95 5 38 29 3 30 99 7 92 12 14 0 97 1 4 57 23 6 72 3 76 20 24 94 3 49 100 67 20 69 60 39
25 30 19 26 62 73 92 13 100 59 61 50 86 86 62 88 59 71 23 98 89 43 85 2 47 8 21 47 83 53 21 90 96 58 24 43 23 22 60 100 17 31 40 95 74 93 8 18 63 97 93 29 98 16 45 84 89 46 95 97 7 22 28 21 4 53 99 40 22 100 77 74 76 86 20 46 73 10 15 74 8 74 76 54 86 64 22 31 78 24 57 81 40 56 68 37 49 46 68 33
14 89 9 18 47 23 16 98 23 34 28 69 39 25 96 65 61 92 65 5 86 78 84 44 69 49 65 70 38 86 22 42 68 3 37 99 40 61 24 67 12 17 57 52 46 31 46 22 49 38 48 33 98 63 46 54 12 81 100 19 6 10 57 57 34 34 91 42 38 34 50 46 87 51 37 14 7 71 67 95 31 72 29 42 6 62 67 61 9 31 8 13 85 30 91 28 40 31 96 78
95 64 52 1 98 6 46 76 1 74 97 81 50 40 28 85 47 90 48 37 4 40 64 50 30 99 63 73 99 84 34 81 43 68 41 21 73 75 77 19 73 87 74 96 12 12 100 87 53 52 72 93 40 78 55 81 43 77 75 81 12 94 37 5 80 66 33 76 77 11 77 9 6 73 7 35 29 80 87 28 55 62 88 18 18 34 28 30 10 16 57 74 28 11 55 55 40 65 47 69
26 53 68 55 0 74 57 66 75 59 31 30 10 35 60 35 72 68 1 47 69 45 11 70 23 48 57 1 17 9 36 85 86 9 33 75 75 35 77 44 93 17 67 12 58 65 55 18 37 98 3 97 38 57 48 1 34 46 64 56 77 76 48 32 21 96 55 17 57 17 44 22 92 62 69 27 42 45 44 56 37 32 39 79 78 91 57 87 87 0 65 71 4 51 73 40 0 2 64 72
55 95 61 26 86 8 47 29 8 46 99 91 28 40 36 60 37 36 46 20 84 9 40 35 90 31 70 61 97 32 33 81 16 63 57 25 98 69 67 28 13 68 84 42 85 25 9 70 13 25 45 66 19 31 81 3 96 74 50 77 63 78 62 48 12 41 31 40 0 47 49 97 76 32 17 63 98 77 37 73 33 60 17 72 30 26 40 26 13 60 92 98 53 18 95 50 63 49 10 65
81 30 56 26 48 41 92 81 32 46 68 37 98 0 99 59 70 65 36 49 61 12 23 98 86 34 94 93 98 44 49 99 67 85 67 84 59 62 83 47 21 53 72 71 72 69 31 7 41 74 73 5 2 10 91 2 22 100 13 65 4 9 63 80 70 82 83 65 39 6 46 36 77 11 63 25 81 14 87 36 96 49 63 59 67 44 45 19 52 20 32 73 68 35 17 2 54 5 39 62
92 22 9 9 59 44 68 68 87 52 7 81 23 66 67 0 67 97 87 80 4 26 42 75 21 24 100 67 77 10 73 12 85 55 93 54 28 58 81 46 84 16 29 81 59 42 45 48 87 52 47 4 51 33 16 94 66 53 12 76 6 50 77 22 52 13 65 91 5 20 29 78 24 51 85 47 99 79 87 87 89 42 87 3 2 21 19 96 15 86 30 1 11 67 85 44 22 18 47 90
19 73 54 50 10 88 7 5 50 12 47 8 100 88 99 80 60 12 52 28 74 86 55 55 49 55 46 68 46 4 82 55 21 31 47 96 38 8 41 7 61 25 79 54 52 30 36 23 61 88 71 41 44 41 55 88 90 20 49 9 55 3 10 94 92 99 62 39 16 22 12 83 77 25 50 18 8 83 6 97 94 19 37 63 75 20 53 77 93 62 74 49 4 39 64 89 14 81 82 86
96 71 78 97 13 84 81 67 36 54 71 70 34 23 64 20 80 46 98 29 15 36 87 13 80 76 66 64 88 32 58 56 34 48 71 97 65 77 11 72 60 73 98 69 99 31 10 99 58 83 13 38 7 62 37 32 88 72 54 23 18 48 62 1 89 54 80 88 4 53 94 86 35 29 18 48 71 46 46 49 82 29 82 8 85 47 21 43 63 64 13 6 91 40 35 35 8 10 18 60
41 25 74 45 76 31 31 50 85 41 54 25 18 82 19 15 79 5 56 14 1 98 50 19 32 78 28 62 82 88 62 67 52 95 7 24 47 100 13 1 82 68 64 15 10 96 9 38 28 89 9 30 82 73 49 95 66 69 66 52 8 8 82 91 16 44 83 28 26 20 69 69 91 62 46 88 32 49 58 78 48 36 21 17 100 20 94 13 82 11 77 99 27 27 37 28 7 34 70 39
19 8 46 66 42 47 20 63 26 31 52 2 55 10 45 98 96 48 5 60 36 89 65 50 21 21 9 97 87 10 48 46 18 88 26 37 100 82 51 55 23 13 2 0 40 8 18 13 82 73 67 5 55 9 32 27 5 61 77 42 81 50 27 55 85 3 64 78 76 95 53 65 63 7 31 58 78 2 95 51 52 11 78 71 12 91 5 27 23 6 81 87 94 73 100 86 86 5 29 42
15 6 5 93 13 78 35 18 86 30 85 23 65 46 28 56 26 62 22 59 19 74 90 72 85 74 54 10 23 2 13 78 8 83 68 39 97 6 1 19 43 1 69 76 87 79 71 21 64 55 12 100 91 37 96 68 10 47 22 75 80 41 94 29 91 1 55 92 41 35 98 74 31 74 68 13 77 22 37 84 18 65 95 71 96 48 55 53 100 10 94 55 22 4 91 73 35 52 5 63
76 6 35 2 2 75 29 77 8 47 96 55 49 41 32 99 80 20 25 70 82 25 37 34 59 22 70 70 25 63 92 69 78 19 42 94 52 84 49 88 83 85 39 5 36 45 90 5 82 41 61 0 78 68 100 77 29 19 87 87 86 0 58 59 27 71 27 51 99 17 35 88 56 82 98 25 52 30 0 78 97 43 73 91 50 69 63 91 38 37 37 28 46 51 45 99 5 33 22 32
78 62 89 99 66 69 83 47 36 52 10 27 34 78 79 60 29 75 80 33 30 92 11 96 79 72 8 23 78 82 10 8 62 74 76 22 77 64 81 40 90 92 79 9 98 88 66 98 3 31 38 59 76 27 55 60 80 94 32 27 22 8 48 72 51 63 59 23 58 13 80 3 68 44 49 51 13 74 19 48 25 44 26 78 54 100 11 70 91 13 46 74 92 95 72 22 14 1 3 76
78 92 20 40 76 86 5 36 83 86 25 30 4 88 80 15 48 74 74 32 9 25 75 63 98 39 37 93 76 46 4 94 11 20 100 43 44 28 51 55 87 72 20 62 35 39 56 12 64 65 36 43 18 31 99 27 82 88 59 47 18 14 50 81 18 64 78 80 100 6 37 37 41 3 58 33 26 59 52 84 33 36 81 55 69 87 29 96 46 70 98 18 27 44 68 73 29 67 81 85
11 55 3 41 42 20 49 50 30 93 69 69 89 89 96 8 46 56 38 22 38 7 29 66 95 37 66 5 22 95 94 51 39 5 6 100 32 37 27 57 70 25 20 92 44 53 63 72 26 89 26 61 41 19 59 73 57 94 86 52 93 33 78 54 71 37 1 99 72 14 33 44 54 29 75 72 95 52 16 58 45 71 2 5 26 49 64 48 28 41 67 69 16 18 34 54 26 5 48 59
41 30 23 7 67 1 84 65 67 17 59 13 42 66 81 25 20 78 35 61 98 34 41 26 46 80 40 6 12 71 13 60 40 83 87 78 90 32 38 65 62 85 37 88 27 78 49 33 49 3 44 22 98 0 16 26 51 87 12 35 17 17 91 35 92 0 98 42 73 14 32 11 17 71 83 46 91 70 37 55 12 97 55 45 21 33 48 10 57 49 9 49 33 44 19 5 41 2 95 50
79 56 15 56 25 24 5 61 23 10 98 38 34 46 17 98 62 84 100 1 88 39 44 25 63 31 32 35 51 19 56 33 59 40 71 100 2 93 24 48 51 57 87 5 40 85 50 89 52 58 53 82 90 6 96 17 20 43 16 40 35 47 5 41 67 35 69 8 81 32 79 30 82 46 19 97 29 91 98 45 95 82 81 76 80 79 62 23 31 61 29 88 88 72 61 85 99 58 32 7
2 13 77 72 48 77 81 54 93 6 24 75 96 27 96 89 67 77 87 71 54 14 10 73 94 30 56 81 37 19 29 26 18 31 51 60 4 86 90 71 13 44 86 48 8 89 31 51 78 74 76 60 42 89 15 40 33 68 74 26 12 45 32 80 65 27 45 96 26 45 54 93 76 37 58 90 44 45 65 80 91 14 31 23 40 87 97 38 62 43 16 56 91 96 7 16 82 10 44 72
16 87 1 42 96 44 51 36 79 5 68 85 74 99 8 0 96 85 8 40 26 55 42 79 61 47 69 31 5 29 46 16 37 86 33 63 61 45 25 35 14 33 26 25 29 46 11 68 73 87 95 21 50 81 36 65 27 65 74 64 54 2 70 71 82 5 80 65 74 56 35 71 75 47 28 51 69 65 87 86 13 33 25 84 65 61 74 77 60 94 15 10 11 7 4 41 34 80 53 73
70 74 34 17 52 3 20 6 19 96 96 95 72 87 0 88 1 29 66 59 38 47 82 84 33 35 75 50 4 33 71 38 57 37 23 96 80 16 13 48 17 61 64 24 51 29 96 47 86 34 65 81 21 71 69 89 70 89 71 5 3 21 24 21 70 11 51 16 30 46 55 53 27 12 39 3 68 74 99 46 93 92 35 77 3 49 27 45 26 38 81 5 76 25 48 97 11 84 89 12
20 67 28 32 17 99 32 7 95 100 99 7 41 19 74 44 29 49 4 54 95 30 72 53 47 60 46 5 71 46 78 74 78 37 5 93 1 68 41 32 2 78 1 66 37 22 56 23 68 26 18 65 85 66 63 79 44 56 64 56 62 30 36 29 79 34 69 2 83 79 90 18 90 34 27 96 71 36 31 7 95 19 70 89 75 63 43 64 74 11 31 91 52 38 36 74 12 69 20 33
59 70 89 8 30 36 77 2 48 68 98 41 7 19 56 80 27 26 70 96 67 45 37 91 87 92 96 49 55 29 20 93 69 68 16 66 37 52 80 77 32 66 20 36 29 74 73 75 85 81 43 17 94 80 61 85 42 53 96 99 23 97 30 26 41 13 57 87 33 65 54 3 96 16 63 70 40 70 50 78 68 31 73 87 40 28 55 66 72 92 7 62 71 31 94 1 42 20 13 69
86 25 14 60 29 33 13 13 32 27 21 49 29 22 77 83 42 37 54 7 57 12 78 61 46 94 38 93 38 72 41 64 46 14 72 73 60 72 53 87 45 72 87 91 91 99 57 71 34 79 75 5 83 45 82 78 47 10 41 2 50 39 87 50 8 32 89 61 76 85 22 98 97 78 7 91 60 24 82 86 23 16 74 63 63 24 59 8 8 33 27 67 39 3 40 66 96 77 55 26
59 50 87 25 87 27 38 31 48 71 97 48 61 72 80 54 46 47 61 55 57 12 15 68 97 84 70 19 89 98 79 90 58 69 51 70 76 78 76 41 9 7 69 77 16 40 34 17 29 58 21 23 57 70 31 19 44 38 95 35 25 49 29 34 16 83 59 30 36 80 87 18 49 22 58 68 86 64 41 40 79 39 71 34 31 87 71 83 30 92 1 97 68 99 21 37 37 97 45 83
98 91 27 99 8 87 32 60 46 62 99 68 76 99 17 40 58 68 46 75 27 53 93 37 54 16 7 0 83 42 7 87 87 30 84 49 14 3 77 4 90 66 92 92 16 42 58 20 73 13 63 10 8 88 60 81 7 69 33 94 88 44 53 79 52 76 76 13 42 63 75 66 55 85 59 43 89 91 72 59 16 52 47 51 60 69 56 33 12 46 92 21 51 20 73 91 89 20 14 18
99 15 89 18 55 23 35 12 79 42 67 76 93 48 1 14 80 61 65 44 85 76 95 62 65 30 27 30 23 89 49 53 51 60 5 43 54 93 25 7 42 20 49 72 83 92 73 91 24 63 43 76 94 10 29 76 33 37 41 61 76 86 65 43 43 50 19 96 99 2 89 67 85 87 11 78 62 14 12 92 85 92 90 27 63 61 9 80 54 28 13 41 16 30 3 85 71 77 45 26
8 71 10 58 17 51 21 96 40 84 46 31 13 15 78 46 17 92 36 77 2 7 28 3 10 28 74 39 28 20 38 33 29 99 19 46 2 93 98 94 81 37 11 82 22 97 18 91 17 75 31 74 37 74 18 26 63 30 29 95 3 59 33 64 0 55 23 71 9 26 56 18 88 67 37 60 70 28 38 71 7 50 47 1 91 0 64 80 91 65 55 51 14 34 81 73 57 11 78 8
31 88 87 80 5 17 47 12 17 90 56 5 22 7 64 72 49 84 70 41 95 79 77 43 86 35 67 53 68 69 22 4 23 82 45 87 25 100 57 9 24 8 33 75 37 18 68 11 63 83 14 53 14 87 20 7 88 3 10 69 56 50 59 43 95 15 41 40 6 6 93 50 30 30 87 19 58 50 38 94 40 60 98 38 60 30 37 83 95 31 43 92 77 16 45 0 25 11 52 89
29 5 53 40 94 79 97 88 23 92 13 17 57 79 63 3 54 20 95 78 13 58 48 3 94 63 31 29 30 58 18 54 79 16 43 31 18 74 50 72 14 85 86 13 92 16 70 42 87 66 35 2 50 85 8 100 28 18 73 47 97 22 3 53 24 86 66 16 1 36 88 98 77 80 53 60 79 76 18 36 81 12 33 82 55 1 11 72 3 76 36 14 67 84 41 9 13 25 76 22
45 51 63 77 53 16 20 29 17 57 77 15 65 67 80 89 88 66 6 27 67 61 45 47 61 62 9 76 23 83 7 42 2 98 20 89 50 17 64 4 3 7 56 15 26 63 90 37 22 13 70 58 62 26 54 33 56 46 83 27 14 6 0 26 22 26 81 64 57 30 36 95 35 84 57 16 96 5 31 35 68 28 2 16 7 51 46 98 86 54 5 34 21 84 46 80 9 82 93 13
97 33 12 22 53 20 20 77 48 74 97 41 5 32 23 36 55 20 60 13 35 54 3 84 57 32 18 86 30 76 40 88 0 6 35 31 65 0 16 60 35 57 9 41 5 7 70 28 1 68 94 36 95 28 43 11 35 60 32 29 40 39 18 85 25 17 92 78 65 88 97 66 94 36 42 43 16 72 61 62 44 53 60 29 52 68 18 90 35 41 56 13 17 33 86 67 2 72 49 57
77 87 33 20 44 82 94 71 77 91 39 31 98 25 61 48 26 10 56 21 21 61 44 78 52 83 88 1 47 79 42 33 90 36 4 36 52 30 2 88 71 9 96 10 82 6 19 81 61 29 64 94 67 89 17 91 83 16 59 27 72 24 79 31 47 81 79 27 28 4 58 95 13 84 74 12 42 86 89 5 59 13 23 24 28 4 28 48 88 0 28 35 78 48 24 36 57 35 36 14
88 74 42 85 52 88 3 82 26 90 67 38 13 35 36 2 81 61 14 34 4 14 100 95 57 74 57 23 64 3 74 98 48 99 74 60 53 92 12 71 53 49 35 0 0 50 83 47 11 38 22 76 39 27 10 38 85 91 71 19 38 1 86 9 15 77 61 65 13 46 20 26 72 15 68 72 92 84 87 81 86 21 93 1 38 97 96 83 6 74 13 3 51 64 9 9 70 18 43 29
21 1 6 62 59 87 5 95 80 43 81 19 84 59 79 8 81 71 51 28 59 24 59 23 56 15 18 65 29 84 28 13 91 24 15 62 89 31 37 8 82 68 20 24 22 16 6 18 59 71 1 61 22 10 72 89 33 26 78 56 54 23 7 50 29 72 64 25 33 83 64 21 47 14 6 55 70 57 4 70 10 21 10 27 38 12 99 0 30 36 70 26 22 35 31 99 11 92 3 79
26 24 15 18 38 53 70 21 8 65 44 85 66 64 7 67 58 67 61 53 66 37 95 28 91 57 18 39 66 38 17 74 10 17 35 16 29 31 22 76 13 39 81 31 30 44 63 25 82 10 28 12 82 11 60 24 43 9 83 23 60 14 52 29 18 12 67 88 23 84 75 16 28 22 82 4 3 20 40 16 62 25 72 42 95 68 82 67 53 81 43 67 42 25 46 32 27 59 41 25
21 7 10 59 51 98 85 35 38 67 12 24 22 38 44 79 24 60 10 30 6 71 92 51 50 56 49 12 3 1 97 80 36 79 75 9 33 89 50 54 38 64 77 7 67 91 11 60 75 89 30 61 100 77 77 0 24 18 88 7 92 54 1 42 41 73 63 76 80 74 87 69 37 79 50 33 71 44 29 16 33 31 64 93 24 95 8 57 97 58 42 83 94 83 13 9 94 68 6 51
42 23 32 97 30 5 58 70 59 34 79 89 56 66 97 1 84 18 52 75 37 68 37 25 27 37 46 81 57 90 5 27 3 26 9 64 77 51 84 86 31 91 46 13 22 53 61 54 78 86 97 96 91 34 62 45 59 20 54 76 23 100 14 62 36 92 67 60 1 23 58 99 0 18 85 63 8 99 87 91 41 33 13 19 80 58 73 24 5 20 19 68 12 67 27 15 39 86 54 94
99 6 8 20 23 83 21 29 98 5 76 67 94 23 96 51 62 16 26 23 49 19 11 76 10 74 24 72 58 42 22 7 35 21 1 54 81 87 11 77 27 59 32 51 50 94 8 73 63 72 10 99 96 96 24 49 31 61 36 58 55 35 40 91 61 14 47 19 32 38 57 51 91 70 89 69 47 47 53 31 21 33 83 89 88 55 29 14 52 84 35 80 39 37 89 69 98 75 22 42
100 69 39 89 28 81 0 10 99 61 34 30 2 89 53 42 15 91 79 87 9 46 35 69 21 81 23 70 45 5 36 6 28 72 62 41 86 21 10 97 50 9 2 11 25 81 25 33 59 31 74 11 34 33 39 6 99 13 73 90 99 32 80 92 48 21 12 68 35 95 1 12 82 4 28 94 27 65 88 34 1 93 12 9 78 25 57 99 83 49 52 91 27 95 7 83 43 92 9 47
24 72 21 20 19 4 57 35 16 16 0 18 60 15 22 25 53 96 78 42 86 28 6 47 30 67 56 22 34 46 71 28 20 58 62 48 61 75 83 85 26 91 59 91 4 34 90 87 17 34 20 2 31 11 0 10 87 84 75 16 47 60 69 68 4 93 72 46 33 9 19 14 30 77 64 64 95 5 36 23 25 70 84 100 82 6 97 53 70 49 1 21 80 54 88 34 4 72 11 83
92 39 50 44 1 19 18 5 68 62 42 49 12 62 78 76 54 65 35 97 62 13 98 32 94 3 47 27 43 76 65 97 13 53 98 25 26 9 55 84 77 94 47 95 27 80 85 87 21 92 38 4 95 79 57 17 68 35 70 13 27 0 7 18 77 38 20 78 59 3 94 43 98 10 75 52 4 73 14 87 93 63 14 91 24 34 77 66 78 9 24 69 43 69 76 64 6 55 89 15
78 88 31 47 3 5 31 7 72 36 61 49 59 69 74 17 19 20 100 5 40 33 29 2 55 60 92 16 80 47 56 28 14 37 23 0 42 60 54 71 87 83 38 76 64 64 72 86 99 84 42 17 20 38 13 23 38 88 93 6 54 38 32 47 3 16 60 60 9 63 89 88 58 86 92 46 54 0 43 37 8 92 37 9 76 83 38 61 20 5 66 13 53 32 23 34 13 50 40 65
27 83 5 33 14 10 98 41 80 70 9 5 79 17 66 92 21 9 15 75 71 3 34 25 91 4 7 79 95 48 58 85 51 45 57 28 96 51 11 46 37 11 10 1 31 77 39 21 87 74 79 20 20 85 5 46 77 60 33 65 24 6 19 50 4 85 83 73 29 69 9 89 64 77 24 22 74 60 17 16 37 26 58 95 39 79 81 82 25 76 28 45 94 71 61 68 35 90 16 62
73 48 15 84 77 87 55 6 92 50 79 100 84 46 25 48 43 82 85 27 91 90 66 62 32 64 72 31 61 56 53 34 51 41 45 36 43 39 54 15 94 41 48 65 11 24 5 28 24 10 62 12 99 16 96 73 8 98 47 30 33 95 49 8 43 7 14 77 3 81 69 40 90 90 39 94 59 2 66 72 45 65 31 64 93 51 74 47 65 81 74 29 81 68 56 10 65 96 88 62
94 80 78 68 52 7 44 66 92 89 76 100 30 25 75 96 8 15 39 94 93 53 70 46 99 46 9 5 63 30 74 14 42 58 89 25 33 41 77 2 67 19 7 48 72 27 32 80 29 94 51 79 44 59 30 23 34 24 38 34 83 2 46 77 39 89 35 81 39 41 85 51 64 58 85 42 14 32 63 61 3 46 48 81 89 27 84 81 32 66 23 79 28 13 74 50 37 82 2 28
70 61 85 73 4 0 1 75 57 77 60 77 97 89 77 14 40 79 79 23 4 95 23 99 55 68 82 69 18 65 44 57 97 88 91 60 15 36 8 13 89 77 14 95 58 6 98 0 14 44 97 24 58 43 24 95 66 69 23 43 86 42 84 0 23 12 98 15 35 54 6 27 27 35 28 10 24 22 59 49 14 10 81 8 97 4 27 61 60 7 97 92 75 97 61 40 11 94 66 75
50 59 53 18 21 68 6 28 57 63 90 21 25 81 31 39 9 82 57 38 42 59 7 34 27 74 67 61 71 93 26 77 39 75 12 80 54 94 24 76 26 47 20 99 15 23 32 21 84 31 5 17 19 42 45 78 5 26 52 98 61 26 83 50 7 95 29 3 51 69 60 6 61 48 40 71 23 42 92 5 60 16 68 39 36 20 36 54 55 71 54 85 89 53 2 90 7 65 23 52
90 46 72 11 42 78 79 7 14 32 47 48 55 86 11 78 62 74 34 5 65 91 36 38 50 18 37 0 70 35 47 0 4 40 77 25 57 25 27 21 89 26 45 93 96 27 7 57 75 77 91 32 24 34 81 13 43 66 80 17 79 33 21 89 63 89 0 77 52 68 47 94 48 76 12 24 83 99 89 69 89 86 1 2 11 66 16 96 58 78 40 3 30 68 41 4 85 65 5 69
87 4 86 1 58 18 35 76 47 62 43 4 4 25 16 32 17 88 68 10 75 42 62 36 8 92 62 53 51 84 18 24 87 76 87 23 65 63 77 29 45 11 15 36 18 14 97 32 16 29 58 58 30 37 10 93 83 37 80 5 88 2 66 14 89 9 33 55 45 47 74 39 90 71 5 44 64 78 70 90 22 54 78 5 51 50 13 99 54 93 90 76 23 61 71 18 55 7 70 83
78 73 54 78 73 37 26 31 77 88 83 74 51 28 48 44 42 63 52 84 78 60 54 85 60 16 51 18 23 25 45 64 65 72 26 67 7 51 49 100 54 37 48 11 32 43 43 23 36 21 7 63 45 82 17 24 27 14 40 18 25 9 84 22 26 64 91 28 22 83 75 9 100 19 59 47 24 79 69 20 25 97 48 75 8 33 25 57 83 61 6 38 68 76 36 6 82 48 95 65
5 61 37 55 68 49 67 14 32 2 79 1 5 99 55 23 80 1 97 76 21 41 55 8 58 20 77 5 29 60 37 55 64 95 6 32 35 6 60 54 33 0 60 91 84 7 78 21 87 92 15 77 43 40 78 34 61 38 7 24 47 5 8 61 16 94 82 57 53 47 66 51 71 37 17 100 87 84 97 40 67 13 71 71 59 28 40 84 85 74 3 54 85 46 26 35 49 40 99 65
28 78 18 37 44 12 96 13 15 78 86 71 81 63 50 85 66 50 10 87 11 53 23 89 74 75 29 45 42 90 9 99 53 29 13 33 33 57 3 90 78 94 21 89 20 81 26 2 56 93 36 88 72 4 18 88 35 57 88 29 69 11 96 10 26 87 46 79 21 85 71 5 60 75 98 90 15 46 27 64 88 86 64 84 1 64 95 68 16 67 75 74 35 69 44 87 53 95 53 71
42 27 99 78 40 60 8 60 11 40 49 26 53 5 31 60 11 16 9 78 72 66 67 88 13 55 87 44 85 32 42 70 57 66 2 4 10 54 13 10 26 59 25 22 67 60 79 35 14 74 59 13 22 14 36 83 40 35 72 86 17 75 2 89 12 33 54 44 1 79 76 79 65 45 94 18 0 5 4 97 12 10 12 52 33 41 92 19 48 91 35 11 19 99 61 3 27 74 23 35
52 77 45 41 88 37 88 50 87 32 85 67 31 75 26 8 73 76 86 66 40 46 48 72 39 15 88 61 5 18 35 26 32 66 50 45 84 95 81 21 54 87 33 51 84 87 89 80 5 40 45 42 81 54 55 32 53 48 20 17 6 100 6 17 17 60 63 85 90 19 79 34 82 73 95 18 75 5 54 11 10 99 41 49 10 30 84 80 26 95 2 72 63 5 3 47 77 89 18 43
9 15 94 60 98 62 93 70 20 89 58 22 60 3 21 15 38 47 99 6 40 79 42 11 64 42 38 2 53 44 44 56 15 49 41 28 13 6 54 10 10 88 95 56 80 60 57 55 97 37 99 51 30 86 90 28 66 6 15 57 48 41 94 0 21 94 78 54 56 33 19 85 57 0 80 43 56 34 69 67 59 0 28 29 72 64 40 37 10 98 20 2 12 94 37 82 81 4 67 41
40 70 48 86 22 85 83 88 78 43 31 7 24 39 25 50 57 15 10 78 77 83 38 56 18 100 80 75 20 40 17 64 60 23 43 73 18 73 31 18 66 79 87 71 22 14 70 62 96 66 94 44 94 75 2 8 82 8 68 42 76 38 19 33 37 2 40 88 15 34 27 46 96 31 89 45 40 67 70 47 24 68 66 26 49 91 21 86 87 78 29 33 6 20 55 42 5 77 77 40
56 63 96 17 45 60 57 85 84 23 27 4 80 93 83 42 1 46 83 25 66 51 91 63 49 44 75 66 68 58 35 17 31 30 44 5 43 67 55 21 82 19 70 93 54 93 97 73 57 32 83 45 86 38 89 16 89 70 0 7 23 39 31 83 58 51 53 97 87 17 66 91 9 35 74 55 25 15 42 63 13 52 32 61 72 67 65 73 30 38 24 0 57 48 67 30 67 94 56 84
34 22 83 48 5 15 5 9 84 100 97 96 38 96 52 67 16 49 70 56 81 67 66 6 0 48 1 22 68 26 39 11 68 97 49 91 42 51 100 63 56 99 8 38 26 88 66 92 14 88 73 78 37 38 39 97 1 49 92 46 50 72 93 89 7 50 94 78 92 11 93 83 79 19 10 78 67 56 59 4 2 16 10 4 11 68 37 13 63 77 67 47 46 41 6 47 2 3 84 81
87 17 98 10 28 25 11 26 8 19 12 31 82 75 100 37 37 51 81 16 71 55 41 6 23 26 43 86 91 81 14 28 90 61 38 87 18 55 30 86 70 18 72 41 63 88 29 84 86 9 95 60 24 43 7 76 87 88 79 6 62 63 3 77 43 24 50 29 14 47 20 26 41 59 95 83 89 13 45 91 37 19 82 29 18 0 5 55 75 30 17 68 4 53 96 2 58 37 63 30
8 33 55 83 78 32 9 29 6 30 87 11 7 33 28 95 4 92 2 35 60 16 71 92 27 68 100 15 2 23 94 83 49 48 99 64 55 67 24 0 73 47 1 53 24 4 74 89 84 18 97 92 79 55 49 90 86 14 91 22 55 6 19 22 9 86 62 85 99 44 78 55 70 39 67 45 10 50 87 31 1 76 92 9 75 54 76 9 9 56 98 77 28 90 26 29 30 15 49 76
72 32 40 5 82 64 19 33 1 63 100 81 16 43 70 84 98 14 57 37 64 48 64 18 28 40 96 13 79 82 69 34 37 48 36 58 28 19 66 32 10 56 99 90 54 76 3 72 9 15 49 21 50 0 44 40 45 89 78 63 41 92 2 94 8 50 23 38 64 67 49 8 6 85 68 82 29 21 89 94 28 29 98 93 52 20 55 64 16 91 60 3 86 68 34 45 45 89 50 81
45 6 71 90 81 54 99 54 65 81 59 22 49 36 72 97 75 96 87 59 14 58 30 49 16 42 64 92 69 2 10 53 99 27 98 15 63 16 56 87 51 6 90 13 75 67 42 94 75 1 5 99 97 95 22 0 13 34 75 16 45 53 42 33 46 18 40 76 8 21 42 91 64 41 65 13 39 0 97 77 100 10 100 92 73 25 99 97 92 94 77 98 12 91 75 30 85 51 92 36
83 5 94 82 71 45 18 0 53 27 66 51 86 47 22 96 5 88 91 75 82 19 60 72 34 50 67 91 30 39 64 36 32 88 90 10 84 44 15 86 57 7 97 47 97 59 79 48 83 67 65 0 54 4 36 64 14 88 35 94 35 27 35 5 36 38 66 57 70 70 30 35 99 66 24 44 52 10 73 6 32 56 99 86 36 1 82 61 1 1 24 94 96 91 16 61 40 67 77 64
70 15 29 72 39 42 40 100 75 64 51 13 26 83 20 52 13 58 51 7 72 60 52 79 89 58 40 67 70 37 82 42 17 26 79 2 48 72 16 95 41 94 80 40 82 5 61 76 0 57 15 3 28 87 91 93 78 20 38 69 15 80 71 35 57 25 89 56 72 44 10 15 53 81 79 7 18 19 79 5 34 73 14 70 59 28 74 5 73 97 48 31 82 94 7 84 7 51 5 42
34 59 97 23 87 76 98 46 64 17 96 51 22 36 94 25 64 53 40 69 71 1 87 98 51 40 100 43 17 43 78 99 44 93 66 61 51 15 52 99 55 6 68 95 59 45 52 52 45 8 6 28 18 50 26 16 31 13 79 25 42 89 84 5 83 21 79 18 79 78 41 100 66 9 75 83 49 51 42 52 51 47 59 99 48 50 47 30 80 58 11 96 10 67 7 56 1 86 38 16
63 43 91 27 13 22 25 17 46 24 53 1 51 44 99 70 81 35 50 46 56 45 4 93 71 67 11 4 50 16 13 27 58 82 16 57 57 44 28 63 55 38 72 39 87 94 98 36 43 17 62 73 91 5 70 92 13 73 3 58 87 71 29 27 29 47 46 62 9 62 71 26 79 33 78 11 48 1 79 12 71 17 4 57 24 78 71 90 50 37 68 34 34 59 13 48 5 54 13 91
17 43 47 89 61 7 50 53 64 91 75 39 50 22 8 22 81 95 12 88 75 44 51 12 37 10 47 44 90 85 65 69 4 31 46 10 55 47 65 23 75 17 100 51 22 88 43 32 52 32 70 22 64 43 44 19 96 25 48 19 18 12 16 6 77 32 57 36 60 76 27 93 24 72 38 83 66 1 10 73 34 95 37 86 97 12 65 44 56 15 56 8 16 67 17 90 86 6 19 68
78 65 14 52 29 12 89 69 94 26 67 65 0 95 28 77 24 88 65 64 91 74 70 11 51 1 15 85 41 10 72 37 90 5 64 24 98 45 2 52 5 98 39 51 43 44 63 26 12 76 75 28 33 21 0 89 61 89 21 62 85 57 7 69 76 71 86 64 31 79 95 49 100 77 16 31 57 20 25 73 9 80 84 60 59 65 43 76 58 50 51 54 26 83 16 98 24 21 98 68
93 34 42 97 24 29 93 70 75 22 19 8 79 89 8 77 28 85 29 9 48 74 33 8 64 80 96 34 36 30 62 44 79 88 12 46 28 93 75 8 36 53 0 95 66 95 88 96 46 33 68 89 34 24 79 42 28 79 91 8 33 59 21 3 79 10 1 70 67 0 78 39 67 42 55 7 22 67 99 35 27 28 56 0 70 43 97 23 51 92 79 20 49 33 9 60 52 53 3 39
0 17 76 84 73 76 10 64 80 87 92 99 83 4 11 24 18 22 86 36 87 2 19 1 9 47 56 94 52 64 47 25 20 62 11 89 50 6 76 63 55 55 12 84 44 13 2 50 22 22 92 13 30 48 13 35 62 71 95 87 9 38 76 79 93 65 55 20 75 43 56 100 22 26 47 72 25 23 42 18 91 67 50 48 33 37 17 17 72 26 96 57 40 41 47 24 31 5 12 62
96 22 5 70 0 30 43 75 67 81 27 62 4 22 40 6 54 7 87 54 95 35 98 71 12 95 79 20 75 90 52 78 48 75 86 81 4 74 87 30 75 83 65 24 93 31 78 63 93 63 9 47 93 71 37 95 24 61 95 88 28 34 39 48 3 92 69 18 38 62 92 40 37 44 22 30 59 74 38 33 26 37 57 7 16 91 33 32 16 45 12 99 77 69 72 99 44 98 49 54
63 88 30 94 64 83 37 98 69 93 42 53 25 40 75 68 12 67 26 47 62 92 49 18 41 57 71 10 96 60 82 100 31 49 90 48 91 12 86 74 94 98 10 52 17 41 74 47 14 80 6 32 58 15 41 14 57 32 39 66 26 78 99 96 70 13 8 10 35 69 89 38 19 16 64 72 7 35 1 89 69 65 89 18 21 52 93 32 57 35 37 71 23 2 40 92 0 81 100 15
99 94 85 81 73 59 20 61 94 68 36 62 83 88 72 6 87 29 25 33 47 7 100 17 86 74 46 44 60 58 34 39 64 62 11 26 17 5 20 38 8 51 63 51 7 44 80 7 36 45 58 100 68 79 5 27 3 89 88 24 98 76 40 38 4 51 5 44 88 96 18 49 77 49 98 3 41 7 0 82 99 15 94 89 24 79 30 81 61 97 32 80 33 12 19 32 17 23 58 19
2 17 2 10 44 8 87 76 70 66 45 47 55 59 94 30 98 83 86 27 88 77 87 100 61 64 77 35 12 56 97 83 26 9 26 58 20 83 52 20 44 59 94 22 35 18 53 8 47 71 23 6 15 87 54 51 40 8 56 8 19 91 14 78 19 85 52 8 61 51 57 39 76 68 53 68 7 22 72 94 54 31 1 79 7 19 82 40 79 58 67 10 46 49 82 39 69 78 95 97
59 53 14 14 50 74 92 29 78 0 21 8 13 64 70 56 38 38 65 87 35 46 90 34 73 70 57 92 3 19 16 60 56 8 23 85 68 72 81 37 29 32 5 51 55 75 91 38 14 80 64 74 57 70 28 72 76 70 82 45 30 99 19 27 15 90 59 51 69 5 84 32 65 99 31 37 78 99 59 20 24 75 74 90 35 75 58 42 7 10 75 51 84 80 90 15 85 74 19 25
85 71 78 11 44 79 96 24 9 63 89 34 18 3 14 1 20 77 28 86 90 44 70 28 0 43 65 89 50 1 55 77 65 63 47 34 12 48 41 92 75 67 52 34 12 89 34 83 74 25 17 24 80 85 4 30 23 59 78 31 22 45 40 77 28 98 69 95 60 35 27 95 59 89 33 5 13 38 54 5 71 80 40 30 47 27 89 27 51 52 14 87 90 97 24 30 70 60 80 20
36 29 17 76 5 79 45 90 21 87 61 8 84 38 97 7 92 7 62 68 81 31 57 23 26 11 27 53 61 78 73 9 92 3 16 85 9 70 41 38 68 68 76 51 19 42 48 71 27 42 19 64 55 41 38 22 64 14 17 83 6 85 6 15 34 86 13 87 77 87 8 55 35 51 79 77 17 51 78 51 72 69 49 91 62 89 90 57 60 43 91 17 82 6 87 30 61 31 76 32
80 25 49 51 80 78 29 41 58 88 27 15 60 0 19 5 35 62 83 45 76 47 22 52 86 87 67 10 33 88 74 84 93 94 17 56 99 65 67 55 23 82 38 11 61 71 3 63 30 99 22 25 22 66 68 25 93 26 63 38 29 42 11 84 7 26 27 24 1 10 25 59 99 57 10 90 41 94 94 50 84 30 8 12 0 45 85 77 94 90 73 12 62 77 27 58 45 98 47 91
31 50 33 22 73 35 23 28 100 63 0 79 83 32 33 12 42 53 70 77 11 81 74 18 27 18 20 23 53 73 39 21 45 86 31 36 17 66 51 59 32 7 18 68 86 89 92 75 9 50 80 91 96 26 3 75 12 77 15 40 31 48 86 91 47 41 24 85 38 43 35 74 95 78 54 2 6 14 97 57 28 67 64 88 53 20 79 24 44 63 82 62 43 24 97 14 37 8 64 43
85 57 64 76 20 39 65 78 36 66 62 37 12 57 42 7 93 100 92 77 41 43 23 39 95 24 56 45 76 80 68 48 42 16 53 62 56 83 66 56 67 8 26 9 81 78 27 69 37 6 14 7 87 88 38 94 91 45 16 93 41 32 59 77 82 87 28 87 66 11 74 23 90 43 15 36 71 57 86 56 84 83 77 98 69 9 21 30 71 75 6 19 89 85 53 74 15 5 17 11
45 82 86 64 46 12 90 42 85 71 9 48 13 44 42 2 56 70 62 40 83 46 96 39 29 48 30 63 28 90 5 90 32 62 100 26 12 45 56 91 63 31 98 20 56 48 98 24 58 76 94 80 4 40 10 19 66 64 53 41 12 8 66 31 87 92 91 47 0 95 59 83 11 55 14 40 12 19 87 57 7 61 3 14 67 26 52 0 18 87 24 91 66 14 54 48 60 42 57 18
14 76 92 8 75 94 45 14 88 67 90 4 29 76 18 78 79 28 17 41 54 33 39 41 50 15 83 2 24 35 35 17 14 16 33 26 41 90 45 27 88 21 21 53 11 75 9 77 15 6 87 95 42 66 41 39 49 94 2 79 62 43 77 77 63 42 38 98 83 0 60 97 86 56 76 64 39 59 67 29 44 67 74 78 86 46 65 56 93 29 17 79 56 88 100 73 18 98 37 31
74 84 72 51 50 89 57 83 31 14 18 97 14 7 39 32 46 13 27 18 44 74 36 15 6 68 38 15 97 94 54 27 89 81 77 54 41 94 20 94 21 60 59 86 8 0 20 19 86 57 99 75 59 75 34 45 33 13 91 79 72 65 11 69 29 53 51 44 41 53 33 13 47 96 15 19 97 98 91 70 54 63 73 87 100 91 23 34 38 0 70 11 39 80 85 86 86 12 34 18
7 31 88 91 27 36 60 48 13 93 28 9 64 4 46 68 52 45 49 70 20 35 48 87 21 86 24 21 3 36 78 19 92 4 45 37 39 86 11 7 27 34 33 3 32 11 60 80 32 26 73 52 100 57 57 74 71 33 49 4 26 79 90 3 27 29 76 75 55 45 7 63 16 75 2 31 68 51 45 32 57 75 63 77 59 17 42 96 43 36 20 86 51 3 2 24 100 97 49 98
36 35 99 87 57 69 94 62 37 6 16 0 46 92 65 20 30 3 16 14 42 32 69 91 69 25 28 1 33 27 76 31 14 85 2 90 72 42 18 68 61 4 81 11 0 99 81 0 90 40 70 86 81 60 37 28 95 74 22 21 54 78 81 43 68 34 50 33 73 83 42 9 81 27 90 83 69 32 71 4 83 96 10 33 4 23 0 42 40 97 67 98 59 33 89 14 85 64 100 92
68 7 82 90 23 16 29 66 56 46 35 15 31 87 73 86 8 6 76 26 89 40 3 89 7 81 21 58 100 0 52 15 97 26 70 1 18 66 23 4 33 4 93 20 64 86 66 25 76 22 32 24 38 68 3 91 8 95 3 21 78 35 27 49 41 26 45 56 35 45 31 92 55 87 54 50 30 45 34 61 65 61 19 59 23 42 15 98 4 0 42 21 100 76 43 28 25 26 33 24
56 87 33 51 64 87 14 64 1 74 55 3 87 9 40 1 63 47 74 52 69 22 96 19 84 38 69 37 2 80 22 15 92 16 45 20 88 12 45 12 90 85 89 3 94 63 19 37 94 0 83 88 70 97 34 25 91 35 63 30 54 50 21 78 49 89 2 16 74 59 39 94 80 31 75 95 66 12 68 39 17 85 17 7 15 15 94 72 70 77 68 26 58 54 23 62 71 21 88 99
33 74 58 50 16 58 9 95 47 67 55 33 13 8 50 11 64 42 49 64 63 88 32 44 32 89 15 17 64 45 9 45 49 89 70 34 12 42 81 11 22 91 55 79 71 12 36 37 73 84 67 88 2 36 58 82 61 29 39 7 22 85 26 41 100 65 83 25 72 48 70 25 69 78 83 46 96 93 25 46 77 13 50 22 32 45 76 77 37 17 27 80 23 90 29 16 91 57 90 36
50 16 53 99 19 2 59 33 77 87 68 84 9 32 90 41 27 73 72 6 90 72 71 70 43 37 7 5 3 1 78 86 41 21 34 91 91 51 10 84 11 20 66 66 58 16 67 76 44 25 42 98 14 40 4 90 8 47 69 12 1 80 19 2 10 60 84 11 13 23 16 10 67 59 67 8 61 30 66 45 36 46 68 16 30 42 11 90 48 64 21 25 37 1 28 81 81 85 87 65
26 79 91 2 3 91 40 96 29 15 48 65 18 96 32 87 48 15 21 52 63 31 38 55 69 86 51 1 93 51 76 18 44 23 74 94 37 6 91 22 99 32 79 36 83 95 54 90 95 22 89 100 35 66 38 56 43 36 0 42 67 79 39 32 25 34 0 17 61 65 76 90 86 16 4 78 13 40 51 15 98 69 75 91 44 1 35 52 17 95 47 76 99 81 43 4 98 97 53 99
52 28 46 86 65 17 47 29 82 66 4 75 8 63 1 39 52 18 68 45 65 30 68 52 38 75 97 48 49 82 91 87 23 22 60 29 25 73 97 15 48 6 18 34 63 17 4 11 74 58 46 84 47 96 41 62 65 91 56 4 12 25 13 64 45 83 87 76 28 28 64 91 86 0 19 19 18 91 30 56 98 11 71 98 1 35 64 43 48 0 60 27 43 43 40 52 24 40 69 60
74 24 34 33 45 51 93 58 12 19 97 16 43 35 58 38 69 8 27 91 27 4 29 48 87 35 32 76 7 18 71 98 24 54 81 64 62 11 80 37 2 12 51 66 99 71 8 20 55 13 39 37 4 7 87 79 65 11 77 47 83 25 42 30 97 3 57 24 5 6 70 37 27 5 90 27 52 34 55 3 65 66 2 81 68 30 37 50 76 54 63 33 82 49 68 61 74 58 68 15
36 82 64 46 55 85 54 35 2 82 66 85 15 17 94 80 60 74 29 94 18 25 76 76 47 77 61 52 11 78 36 51 1 67 35 78 68 67 27 23 93 53 64 53 58 99 9 20 20 30 68 67 16 66 4 35 6 47 29 79 54 90 22 0 14 60 12 42 37 73 14 10 35 82 30 51 13 17 71 65 39 0 24 64 14 96 88 40 73 16 80 21 15 93 63 36 94 58 92 61
45 20 33 61 18 50 57 16 91 55 25 92 99 99 89 49 52 50 6 24 71 2 81 17 18 61 41 28 46 81 8 73 26 17 74 44 69 26 95 10 83 31 21 74 62 12 57 43 57 39 100 21 23 3 74 36 13 41 99 82 85 13 37 62 95 46 32 87 84 58 55 27 94 28 95 41 74 78 28 10 30 77 40 81 34 96 45 77 59 27 57 83 99 94 54 30 90 96 31 13
85 85 50 63 20 49 66 20 23 24 85 99 42 1 74 64 33 61 98 65 92 88 68 30 58 15 65 62 83 92 61 44 29 5 13 95 13 26 35 55 76 15 89 34 3 2 67 9 96 33 53 84 63 43 71 32 42 97 92 17 56 51 38 67 52 40 12 49 22 18 57 8 88 92 48 95 46 67 30 27 55 11 56 21 54 49 40 25 36 20 62 98 60 49 69 22 68 54 48 82
89 23 49 73 23 94 63 10 46 45 63 5 68 64 53 77 87 2 99 86 45 14 100 17 3 48 39 11 98 80 40 76 38 55 66 20 48 74 73 81 49 40 40 4 78 42 32 84 64 94 54 96 48 100 23 0 56 41 59 59 35 9 52 78 80 30 63 2 32 19 21 18 16 100 16 2 50 87 29 8 99 6 77 55 86 7 24 28 12 9 18 23 47 82 36 9 65 36 13 11
53 46 19 48 21 7 11 94 75 53 27 43 1 87 10 1 88 4 20 1 72 48 81 35 20 61 40 43 4 54 50 49 11 3 71 29 74 49 92 90 51 63 81 9 21 57 5 21 41 12 58 6 96 35 24 82 43 55 3 75 21 66 35 65 27 72 9 88 51 73 93 24 70 87 69 5 22 44 86 37 72 1 81 44 35 34 56 72 56 59 26 66 81 93 2 85 89 72 48 28
28 95 35 59 67 32 4 12 67 1 61 27 2 9 98 36 87 38 1 88 55 14 53 44 93 78 44 81 27 8 85 37 60 23 49 27 29 38 57 86 54 79 62 73 40 30 48 34 31 93 75 17 86 72 84 98 0 91 56 82 96 80 42 89 9 42 13 4 17 88 11 17 42 83 3 69 96 66 87 26 86 44 95 63 58 49 79 74 75 20 51 96 21 46 37 100 54 45 30 42
90 80 49 80 0 71 67 33 34 24 91 96 64 55 40 38 88 58 86 66 96 56 12 12 6 62 94 42 49 85 42 52 14 56 38 62 89 59 30 75 18 89 41 75 9 74 89 72 95 89 74 26 24 92 51 44 73 42 68 37 60 15 38 58 55 67 37 49 48 84 54 90 2 21 92 100 97 23 93 21 78 78 59 64 93 63 96 30 5 16 80 34 11 83 19 92 78 65 78 59
100 98 8 68 34 33 43 65 88 2 3 14 16 14 94 87 63 25 47 99 46 8 85 0 82 62 94 60 64 77 72 70 61 72 34 89 90 29 80 31 15 33 12 95 11 80 75 8 94 89 22 81 15 0 58 56 66 34 47 37 34 47 12 14 21 93 39 49 67 15 8 31 76 49 63 65 95 73 61 91 20 44 18 52 58 40 9 5 73 78 75 91 17 93 78 15 77 76 94 89
83 76 85 94 88 66 56 58 99 7 42 57 44 83 10 93 89 59 70 82 61 26 60 88 75 95 100 81 27 39 41 8 66 12 57 8 74 46 79 43 10 73 57 54 37 2 52 62 26 93 67 34 78 85 81 90 85 90 86 86 67 16 28 84 50 22 80 52 17 58 98 68 60 80 11 20 23 24 10 60 70 7 56 37 84 97 61 70 12 35 42 95 48 5 76 48 72 20 16 56
15 75 28 79 24 82 59 50 26 55 56 70 60 4 46 54 46 77 58 57 81 92 71 81 10 23 45 46 54 69 50 86 88 49 93 69 59 50 11 92 43 19 43 58 17 10 45 36 15 73 7 85 35 86 26 35 24 27 14 93 47 78 69 98 54 30 25 53 98 16 18 13 80 65 97 59 84 75 76 27 57 65 78 5 86 92 0 59 56 57 62 23 100 85 44 59 53 40 51 66
42 77 86 65 68 99 23 4 54 31 99 60 59 56 57 86 70 40 26 81 28 59 72 22 91 96 24 70 38 73 30 39 93 23 39 79 12 49 10 80 47 94 57 30 79 7 89 85 48 56 16 8 34 71 99 74 33 39 89 50 6 12 59 23 45 18 32 60 77 51 93 87 7 11 0 35 63 7 93 41 73 11 62 12 22 34 52 22 81 1 31 22 86 72 68 24 64 2 21 41
71 100 42 21 83 83 88 40 37 38 36 61 91 27 86 47 72 99 77 11 18 39 1 18 37 80 58 25 74 64 95 14 48 66 33 53 82 17 74 96 6 28 36 11 89 85 23 71 22 82 8 94 43 88 66 65 65 72 87 4 38 45 18 65 61 98 45 70 29 80 78 40 35 79 49 8 41 7 28 56 87 42 19 38 51 44 4 38 99 14 63 61 17 34 56 84 13 76 17 84
33 80 7 63 17 20 96 7 69 82 29 20 58 41 80 47 70 33 54 75 26 38 64 97 58 4 7 62 38 43 73 9 52 79 25 38 76 44 87 23 41 41 51 74 43 73 66 26 25 36 19 83 75 78 55 0 23 2 25 3 62 63 7 6 88 75 99 39 92 52 0 59 20 31 18 40 17 55 72 0 75 51 57 3 49 14 44 73 79 92 65 88 35 99 59 7 15 3 46 13
88 82 23 37 5 80 59 52 96 1 41 23 51 10 96 90 90 100 39 70 44 49 96 30 82 73 7 2 86 18 92 8 66 48 30 86 65 3 83 19 6 19 41 52 93 100 62 51 15 64 19 80 60 13 42 76 66 2 69 1 11 69 77 14 94 97 32 45 24 33 66 25 42 13 53 48 44 21 79 85 8 15 77 31 10 79 81 0 1 68 84 18 67 96 67 70 99 61 44 20
91 12 43 83 57 96 98 7 19 35 32 50 29 4 55 27 30 71 80 82 49 43 63 67 7 54 27 42 73 72 79 29 2 31 63 38 7 33 15 93 18 84 87 52 80 3 58 25 99 74 79 36 25 46 57 32 39 98 8 11 55 31 38 28 30 81 60 66 24 19 76 63 56 10 9 59 92 67 11 43 15 68 28 83 64 80 63 78 35 65 97 88 9 16 85 92 54 41 73 97
80 68 36 22 83 75 68 27 89 87 84 54 8 83 87 52 26 90 43 31 48 61 91 77 75 68 28 88 7 93 68 73 98 95 99 22 58 63 70 100 12 86 37 3 86 65 52 90 3 89 87 23 63 98 81 41 87 83 32 51 21 87 7 5 98 1 22 60 92 79 10 95 100 55 86 92 40 8 76 13 12 11 41 29 33 50 21 51 58 1 52 68 17 85 12 73 33 0 62 10
46 64 24 1 7 18 24 27 42 68 10 33 55 96 44 44 79 85 54 87 28 78 33 16 43 61 25 65 16 82 41 49 76 66 48 72 40 93 12 16 88 68 9 91 50 88 88 71 87 70 40 27 7 35 55 97 31 78 27 16 19 28 16 87 3 0 25 53 29 28 72 33 68 29 81 13 38 81 93 89 43 9 50 59 35 72 3 74 79 52 16 97 54 21 54 72 73 78 40 3
27 13 53 77 23 100 7 69 75 70 9 54 49 90 41 33 26 68 66 72 6 53 32 7 97 41 49 67 24 50 32 70 7 5 0 42 21 24 41 51 71 92 55 75 88 7 35 27 17 5 25 87 85 18 22 98 28 39 39 5 92 37 90 43 72 59 83 74 81 98 98 54 76 92 66 8 70 51 13 33 36 29 50 18 84 44 55 97 11 47 37 4 16 73 70 38 52 51 5 76
78 72 53 24 72 24 75 29 23 76 41 89 29 41 0 87 55 0 32 21 67 39 71 18 65 4 4 38 43 52 39 47 71 84 55 12 28 41 59 46 18 33 99 70 91 39 68 29 98 62 70 82 77 62 7 72 53 29 44 4 13 67 25 33 87 42 57 19 75 3 56 81 87 97 53 12 23 95 18 42 86 6 49 91 21 94 3 4 97 63 60 18 17 70 6 7 84 10 75 78
86 7 0 52 33 28 92 88 69 72 64 24 27 48 66 75 1 84 58 71 38 74 36 29 73 62 57 90 36 88 72 5 17 32 50 12 0 14 32 23 2 39 46 92 68 85 96 4 3 43 35 56 73 73 19 45 14 55 85 66 32 76 44 66 91 29 84 60 87 51 57 26 47 73 11 35 61 24 86 27 84 58 84 26 46 5 99 39 53 98 86 96 96 8 10 32 62 9 35 85
69 100 11 15 66 30 89 26 7 56 15 87 76 98 7 7 5 64 95 62 71 90 17 96 68 16 72 49 61 97 10 24 96 12 13 57 31 20 26 30 81 50 89 19 0 51 62 68 87 97 29 83 84 70 65 98 82 60 98 77 96 22 33 57 81 18 60 20 14 56 37 66 68 59 98 2 57 45 87 55 21 71 22 95 4 83 99 53 38 75 0 36 14 51 83 97 45 80 49 94
18 31 54 90 81 76 75 68 50 72 56 92 98 22 19 70 23 74 89 12 62 53 52 69 31 58 68 53 7 80 59 14 83 49 26 85 2 68 68 71 64 15 70 89 88 70 15 49 63 75 11 59 98 60 6 60 32 85 41 53 12 72 43 44 62 42 96 82 34 28 87 58 100 6 17 35 30 35 73 30 32 80 46 71 76 28 30 1 88 42 3 10 75 97 99 83 17 53 52 94
75 35 4 81 84 75 49 17 75 87 15 81 70 71 98 1 66 4 66 24 91 66 86 59 34 16 57 28 38 9 45 8 21 39 27 66 40 58 92 42 0 29 50 1 70 44 70 55 55 5 69 2 42 37 4 75 2 36 73 95 63 26 7 35 78 20 64 99 83 51 83 37 94 38 84 1 65 86 27 32 39 81 63 54 16 96 59 71 83 31 87 83 71 46 58 1 55 16 45 72
21 56 42 69 59 64 22 77 26 100 53 14 92 13 91 34 66 93 64 59 5 88 35 86 81 5 28 5 6 51 22 56 68 76 48 66 16 81 73 4 22 78 80 29 81 96 64 53 81 61 35 100 75 48 30 82 1 89 25 98 100 53 91 20 97 21 28 9 20 72 77 55 26 94 76 5 63 78 97 69 57 82 61 72 70 57 33 77 76 59 29 15 6 99 50 22 100 5 17 4
47 7 34 93 13 6 10 59 85 32 65 44 46 95 21 70 27 40 49 14 83 47 81 44 21 6 88 61 59 37 24 8 16 68 44 65 9 25 89 23 70 40 42 44 44 52 64 57 59 3 92 16 12 24 43 15 78 38 2 13 4 15 53 90 51 58 9 74 5 65 6 22 96 90 6 74 20 78 45 90 24 41 58 42 20 58 35 14 5 63 7 59 0 76 23 80 42 6 69 68
61 71 13 19 62 30 28 29 71 96 68 69 49 6 26 69 11 21 93 43 4 80 44 20 11 69 59 97 94 16 17 19 27 68 27 48 45 9 8 49 65 84 59 84 99 1 19 10 44 46 7 57 1 91 6 52 38 11 14 12 57 51 85 77 95 86 93 26 18 51 66 50 46 96 76 85 1 23 55 41 98 34 53 23 62 40 75 24 77 4 1 65 76 12 46 18 48 16 53 47
57 7 40 86 42 57 35 13 29 65 88 32 1 78 10 88 79 44 88 76 89 9 1 3 67 90 8 15 18 44 56 39 58 35 87 97 85 49 84 26 49 21 24 48 0 70 78 25 3 78 19 9 74 78 54 33 22 4 9 1 2 77 13 14 55 17 70 84 26 16 70 82 90 96 80 10 19 86 66 49 40 54 11 65 45 79 4 76 16 83 32 52 34 76 28 86 45 46 93 16
100 24 10 47 0 96 89 71 1 31 66 100 57 8 13 79 79 51 93 94 39 15 56 50 18 31 52 9 24 49 16 13 21 4 48 1 53 93 42 67 73 60 21 56 76 23 52 39 46 48 94 77 97 55 96 31 26 45 81 68 99 91 7 41 36 79 93 31 23 50 60 38 31 44 70 100 91 69 29 66 63 77 35 12 73 30 74 69 54 29 77 44 69 58 76 38 4 99 10 59
36 8 96 58 59 51 34 89 19 55 83 45 4 33 77 52 34 25 24 89 87 90 75 62 42 8 39 58 90 62 100 80 33 95 13 85 88 43 14 34 29 72 98 98 38 26 97 11 89 48 92 75 52 45 46 89 67 47 42 81 47 3 9 22 35 94 86 1 55 13 51 34 40 46 65 8 19 78 66 60 79 70 34 29 56 57 70 62 55 3 77 65 42 64 36 35 1 0 39 27
77 61 37 2 9 73 56 10 68 48 84 93 11 51 22 2 60 63 11 41 13 35 66 49 38 31 91 25 61 44 86 61 43 11 78 52 99 13 30 100 67 97 26 87 95 41 93 41 15 65 24 92 82 40 81 80 53 60 28 33 18 83 98 18 72 75 32 3 43 3 78 78 43 68 83 24 91 86 84 1 60 46 29 11 94 39 45 47 18 92 1 62 79 5 39 44 94 71 69 8
91 73 82 95 92 29 40 68 100 70 50 47 26 74 33 32 34 99 25 34 50 75 4 93 45 91 86 57 42 26 3 82 97 74 50 54 25 78 79 50 53 98 25 34 40 59 94 84 46 59 37 14 82 94 8 3 99 39 77 3 75 38 30 93 54 71 62 17 29 72 64 34 85 45 46 37 30 43 97 24 99 26 56 62 36 65 49 42 34 14 10 31 69 74 43 6 76 50 84 4
68 63 3 18 7 69 5 90 46 64 28 82 3 67 32 62 25 40 35 19 10 74 34 94 63 30 50 60 41 8 53 82 95 69 9 56 62 15 14 45 36 2 62 6 55 77 71 80 61 41 36 47 11 83 5 87 2 51 52 16 57 52 17 2 97 30 89 40 6 34 87 89 57 93 39 91 69 80 46 93 39 53 99 69 98 9 32 2 95 35 5 34 45 42 32 25 33 14 16 96
74 12 36 26 67 89 41 67 71 51 12 95 20 79 48 35 47 13 24 87 27 34 0 11 5 38 38 66 72 27 38 19 24 78 84 27 48 81 27 94 56 1 50 45 8 38 75 74 20 72 80 43 21 45 5 74 73 99 78 7 98 80 98 63 15 47 95 31 9 49 88 62 74 96 62 16 46 72 78 61 19 65 52 19 8 58 38 35 9 48 85 34 4 1 43 54 7 65 33 6
65 95 62 81 30 98 48 21 58 24 90 5 20 63 76 100 18 91 37 5 20 33 87 5 71 52 41 12 49 59 9 7 8 61 69 12 40 76 11 14 11 88 71 52 9 86 8 54 88 50 70 70 72 4 48 95 46 90 41 31 69 9 52 44 4 77 21 41 54 0 86 4 55 70 72 39 12 19 83 93 92 29 92 35 63 21 9 87 70 87 26 56 6 83 18 69 74 98 83 55
1 59 91 97 32 12 4 31 87 68 57 87 5 19 57 45 67 19 54 3 75 2 31 63 56 75 59 65 63 80 8 75 41 17 19 32 37 29 69 40 95 71 28 57 67 39 51 37 39 56 14 33 17 46 73 79 97 12 4 19 39 31 31 42 79 52 47 91 0 28 81 21 52 4 0 37 39 14 36 40 58 86 86 4 92 21 89 84 50 88 39 72 68 36 77 23 39 14 28 4
75 58 67 43 88 30 7 7 8 38 95 17 71 32 47 14 72 7 34 61 73 64 37 25 82 5 52 11 4 42 4 66 65 94 54 78 39 3 20 48 97 54 4 4 5 56 21 34 99 83 7 90 12 21 70 25 57 76 5 32 28 70 74 31 33 54 90 85 49 30 100 23 28 73 74 42 71 14 61 69 33 2 29 70 68 12 13 97 93 6 62 1 7 42 55 86 18 2 55 67
100 76 28 97 76 65 30 96 37 28 57 6 36 28 58 23 37 44 69 82 95 78 10 24 75 38 25 21 58 29 89 27 15 99 55 70 41 91 87 46 52 87 41 57 1 66 51 42 81 74 33 97 21 68 35 26 78 60 58 69 6 70 65 37 51 85 71 49 50 96 9 61 33 50 35 17 38 22 35 72 16 19 3 59 81 40 0 13 25 30 11 59 86 58 84 24 88 38 19 60
58 74 44 52 87 77 16 20 6 86 88 33 75 15 52 73 100 35 43 32 74 68 79 73 63 24 6 26 81 93 90 33 17 53 25 17 99 42 72 88 7 91 60 53 22 6 34 19 91 15 49 69 70 85 98 26 92 21 59 57 94 7 40 2 71 78 8 79 66 18 16 43 50 91 66 25 64 48 67 38 96 41 49 17 14 98 38 62 57 100 91 100 35 81 0 28 29 69 65 48
11 23 52 9 44 94 11 6 52 16 57 55 97 60 18 84 20 47 68 67 35 52 34 67 24 38 20 43 41 3 31 70 64 42 99 33 23 39 83 52 82 21 65 18 13 67 6 23 24 86 86 79 30 76 63 38 35 27 30 60 67 30 59 55 3 83 39 82 68 88 99 45 18 70 36 99 64 31 7 82 98 0 93 77 32 10 79 81 13 61 57 39 31 75 33 79 41 4 59 31
14 48 58 83 52 23 51 84 67 66 5 76 75 70 71 60 71 56 71 7 92 29 67 15 83 44 29 90 69 11 26 6 94 29 45 37 72 66 66 83 55 78 83 2 69 14 88 50 64 11 82 71 7 61 98 24 38 39 80 17 45 48 8 48 68 31 94 37 20 46 67 55 27 37 70 27 98 4 47 67 66 32 73 41 48 20 10 94 65 87 66 94 70 26 4 6 96 67 53 32
48 79 33 74 17 42 71 62 84 28 13 82 7 11 56 61 87 1 3 83 54 85 66 14 9 64 0 55 95 44 70 24 88 29 66 99 98 40 23 28 45 61 21 69 89 18 18 15 9 76 64 34 83 10 44 6 2 92 70 67 80 0 8 63 13 25 47 41 21 58 16 67 56 71 33 26 100 16 76 25 80 22 39 14 12 89 92 50 8 17 36 93 44 6 34 56 93 4 69 71
93 58 54 83 22 25 6 43 62 60 96 68 72 3 39 82 58 58 8 30 27 57 41 43 27 73 85 78 51 16 58 11 6 0 80 81 11 5 79 59 40 86 99 3 4 81 29 72 44 5 15 50 20 79 62 38 36 50 36 29 21 46 96 2 83 5 52 92 28 22 62 78 98 7 42 31 71 72 38 73 10 63 1 68 13 95 88 51 50 86 57 49 68 19 60 3 51 33 43 64
63 8 80 14 39 41 37 19 6 32 8 36 4 76 34 12 39 50 73 23 48 2 19 8 68 23 16 55 27 86 6 1 19 81 43 31 23 95 43 83 39 16 89 98 56 21 56 96 70 67 93 68 57 80 11 9 53 14 38 99 19 48 82 56 21 76 47 83 5 23 56 3 69 15 51 98 53 72 32 51 85 3 68 46 68 3 6 48 21 59 28 45 4 48 93 29 23 78 69 78
32 30 55 91 13 76 63 41 64 23 31 81 67 3 60 45 99 31 15 96 91 86 42 35 26 100 62 58 92 14 51 61 45 40 57 17 53 23 43 6 47 57 84 8 36 97 59 97 47 22 30 37 25 49 86 98 3 77 82 84 47 83 84 99 27 14 55 32 42 3 77 42 76 71 48 82 71 67 9 5 29 98 78 27 42 87 63 94 16 0 79 3 68 98 87 46 34 85 71 66
80 68 67 75 10 96 95 21 70 90 71 66 98 36 79 69 47 41 44 1 21 57 45 7 65 81 37 56 54 60 51 87 67 42 88 46 100 90 20 85 37 90 65 98 62 86 37 94 17 25 56 37 98 81 23 98 53 27 3 33 2 60 53 87 5 79 98 15 15 56 56 98 94 67 17 15 100 29 47 60 3 69 33 67 62 29 24 86 32 42 55 42 70 19 65 17 45 12 65 90
50 87 53 97 20 100 8 73 16 27 83 91 71 22 79 60 74 20 77 22 3 25 52 20 40 32 31 5 37 7 7 97 64 91 31 55 12 47 19 34 74 47 40 16 59 58 93 61 67 11 62 92 81 16 69 41 51 78 1 23 99 0 58 64 31 26 49 45 26 37 39 42 29 73 26 48 67 0 72 1 22 58 59 81 37 69 55 65 4 95 19 18 30 98 23 86 3 59 83 62
82 70 0 44 30 38 71 29 65 56 12 3 46 76 0 24 74 50 75 30 84 10 25 57 41 40 30 49 72 47 20 58 15 48 51 100 95 85 20 79 44 18 70 57 71 75 76 57 74 63 62 23 67 40 81 82 72 42 34 82 46 54 2 87 82 26 82 26 25 88 91 70 78 86 5 82 94 8 17 24 91 60 95 18 56 12 19 58 50 38 1 18 34 45 69 35 94 33 92 28
82 88 97 52 11 3 51 9 76 39 8 34 91 70 90 22 59 82 76 24 63 82 39 33 96 10 23 19 74 3 27 34 84 18 12 44 25 9 17 89 24 44 27 64 54 84 51 28 42 33 54 45 81 13 25 45 82 68 1 54 78 85 18 74 54 28 47 20 92 62 41 16 32 70 18 11 68 33 81 41 75 13 30 40 17 10 71 77 57 80 35 52 22 16 42 66 84 44 4 44
1 89 55 40 76 84 31 17 16 24 25 5 72 42 32 97 95 38 11 77 2 22 17 86 19 93 96 23 91 99 85 59 55 13 37 52 34 41 3 49 31 75 68 38 26 89 1 84 54 16 82 62 54 99 74 44 84 63 100 64 3 16 81 54 69 98 53 31 22 20 19 67 79 18 38 75 75 47 57 5 84 58 96 15 9 19 52 99 90 90 60 0 37 19 60 66 3 17 95 82
16 12 75 75 32 41 70 12 64 55 62 79 48 95 22 89 68 36 75 55 29 78 76 36 98 20 64 79 90 73 80 82 63 64 35 18 18 1 17 92 62 57 16 2 73 17 16 43 49 54 69 27 57 93 7 54 57 29 53 29 81 9 67 53 19 14 85 0 1 67 16 75 6 9 95 59 55 4 59 6 25 4 30 8 4 28 73 11 84 80 57 86 32 78 96 5 15 86 21 80
2 7 65 85 85 15 10 47 9 93 62 12 97 2 38 17 95 42 87 61 83 48 9 82 4 9 91 59 77 87 62 79 24 36 70 61 44 16 16 98 67 64 73 83 40 20 23 77 12 24 9 54 18 78 51 30 42 13 12 99 94 77 13 29 24 57 91 51 26 37 71 18 98 71 67 5 72 64 60 74 14 38 29 61 29 76 14 100 9 1 5 37 60 94 79 72 75 75 55 21
73 86 17 88 1 36 24 65 22 16 92 88 16 70 65 37 42 36 74 27 74 82 85 69 83 79 8 71 53 22 70 25 70 100 29 70 65 53 100 43 33 35 38 20 51 20 10 57 54 34 5 31 43 25 23 79 50 35 36 27 8 95 18 71 45 87 56 78 89 95 48 62 84 14 46 88 15 32 11 41 32 52 0 21 20 23 54 99 33 72 97 34 14 97 3 34 90 11 17 94
73 23 67 40 71 4 76 43 54 82 47 40 60 49 18 87 63 36 88 98 65 34 9 46 10 28 17 85 18 84 33 50 74 82 14 22 31 65 15 61 65 37 21 4 90 29 29 6 0 49 7 54 93 99 42 98 99 67 76 60 33 39 75 87 49 66 41 49 63 5 100 47 60 100 58 89 67 7 93 84 4 24 40 82 24 83 19 92 22 73 14 97 43 69 59 86 47 37 23 48
56 89 74 32 31 3 77 56 56 4 29 96 74 99 89 29 34 8 94 30 23 15 53 65 41 87 98 58 28 78 60 54 52 17 62 78 0 88 71 30 82 0 48 31 24 8 4 40 15 7 42 42 94 36 92 52 17 74 94 77 40 30 51 64 62 39 18 12 92 15 54 11 53 5 5 48 3 1 49 100 20 23 69 62 94 62 17 68 92 86 8 44 31 26 70 77 79 52 79 28
51 66 24 52 50 36 60 47 98 51 95 100 52 40 65 17 79 17 100 3 97 1 51 60 6 47 17 81 59 57 19 65 27 39 88 71 13 39 89 14 19 29 33 52 35 66 30 68 80 29 2 13 12 62 71 41 12 42 97 43 82 3 0 43 49 72 97 30 83 100 88 73 23 27 16 10 81 69 33 93 60 61 15 30 1 94 98 41 95 32 27 9 5 87 31 18 27 8 54 85
33 99 41 27 6 29 48 94 1 69 11 54 65 45 19 96 19 31 76 26 49 77 99 73 4 37 21 17 95 73 32 32 18 28 97 39 61 53 30 41 53 67 5 81 3 15 7 35 13 11 56 3 73 85 38 66 64 74 53 65 57 25 21 33 56 12 77 96 84 83 34 29 96 64 68 78 43 22 90 68 71 38 94 37 49 69 37 66 39 41 82 98 54 74 74 61 75 73 19 60
13 74 32 78 76 90 74 18 75 86 10 89 2 98 47 68 6 27 25 16 41 69 18 14 0 5 17 0 57 13 1 15 17 89 5 49 87 65 75 60 59 82 51 10 14 44 93 15 21 40 83 61 82 86 0 83 41 92 98 98 60 51 31 68 29 80 33 55 32 57 26 35 57 50 87 23 18 46 88 32 9 43 8 58 76 25 95 86 44 29 25 81 38 21 23 78 46 65 45 13
81 6 90 9 83 93 43 36 20 12 23 7 4 87 85 64 21 99 2 63 3 74 64 71 49 3 71 16 48 66 30 4 74 32 53 34 44 38 41 61 25 85 86 52 64 1 44 85 22 64 95 28 77 100 98 9 18 45 77 16 64 26 76 0 33 74 46 56 14 51 55 95 48 63 33 47 61 70 31 53 93 82 40 11 64 65 18 100 56 17 9 19 86 46 22 8 46 67 2 1
12 73 48 84 31 39 39 4 79 59 35 61 16 65 98 10 43 35 42 7 37 89 6 37 15 1 87 77 4 57 76 59 23 63 30 51 84 47 86 77 15 74 42 9 19 54 7 81 32 28 52 99 7 43 63 97 74 12 99 89 69 93 58 94 99 51 48 59 65 90 4 77 13 44 18 16 51 54 89 82 99 6 95 32 71 24 45 99 31 76 69 26 96 57 75 26 40 69 19 46
36 70 97 44 62 34 98 62 51 93 72 54 3 10 55 52 11 64 49 65 22 32 85 92 80 89 95 22 30 80 0 61 27 33 44 79 97 84 71 86 34 72 68 38 45 75 46 72 45 25 94 13 37 47 92 17 62 45 54 68 69 31 36 88 66 10 41 85 70 16 72 64 25 61 30 95 25 79 2 48 99 28 32 72 67 67 75 63 0 27 14 33 14 57 95 83 43 22 17 53
97 50 92 93 78 35 44 99 62 12 98 47 88 79 35 38 15 54 75 55 46 56 32 34 13 89 44 40 77 88 80 42 92 75 28 74 28 73 80 26 16 85 71 71 63 79 61 64 33 22 30 64 16 93 52 56 62 2 70 53 91 7 20 62 86 62 15 69 92 83 15 5 22 6 75 66 58 10 67 85 95 51 51 34 18 87 21 24 63 68 90 59 90 30 94 8 11 60 58 53
16 56 77 34 53 17 28 86 1 20 19 95 41 77 39 90 80 91 3 42 62 73 30 34 31 10 24 24 33 17 52 29 11 42 57 84 28 1 8 99 73 97 11 2 100 84 84 83 70 61 74 73 47 6 82 90 58 39 7 18 36 100 20 22 0 21 6 82 13 85 3 54 42 70 88 5 86 12 94 33 34 85 12 13 28 80 26 9 11 48 38 71 26 0 91 0 56 16 15 28
38 45 7 61 27 42 67 36 28 61 63 92 51 78 67 61 31 56 1 64 89 67 8 98 61 96 51 33 56 27 74 10 97 61 87 67 86 6 5 5 47 37 6 53 70 93 26 21 91 47 68 55 38 73 57 93 90 54 71 83 35 39 15 4 36 4 62 43 80 62 0 72 1 45 49 76 82 78 58 65 31 99 80 37 69 42 85 42 5 18 81 6 23 77 8 21 36 20 47 51
12 13 100 86 71 49 4 53 55 87 92 75 87 3 44 14 14 68 50 33 42 24 72 49 78 58 72 43 89 97 7 0 81 55 45 11 16 60 8 59 90 52 64 45 73 76 21 99 22 86 2 25 8 9 96 35 89 32 12 5 34 48 19 73 63 12 65 52 0 84 54 54 28 95 18 81 19 59 38 57 4 85 34 6 92 91 70 4 35 98 62 47 76 80 21 64 84 82 68 16
79 67 68 86 70 60 95 58 71 1 83 16 53 69 6 26 49 49 32 80 27 57 62 52 93 45 97 37 52 18 50 79 68 35 59 84 4 7 97 23 90 52 72 7 71 48 66 64 34 18 94 88 10 36 100 96 1 80 82 84 58 96 82 66 78 67 5 97 74 92 52 84 83 23 73 31 61 85 20 15 46 99 82 0 51 7 8 26 81 35 28 27 77 33 84 77 62 88 80 92
16 30 11 13 99 27 19 86 31 84 50 73 86 62 72 71 76 29 13 84 95 70 68 84 95 70 78 90 19 79 62 37 24 3 88 18 12 36 74 1 72 48 13 27 0 3 67 54 67 100 35 66 50 47 17 39 23 82 40 65 60 9 42 37 72 60 2 78 18 74 67 89 91 43 56 81 46 26 22 95 87 67 60 94 51 52 45 4 89 68 49 27 52 30 27 87 73 66 28 91
15 70 34 0 9 52 34 77 74 55 31 91 46 7 99 89 42 90 78 79 24 100 39 98 55 55 2 83 10 29 8 90 86 77 8 2 92 8 18 48 18 30 28 80 45 43 86 42 22 64 46 8 62 81 44 36 24 43 40 16 100 14 11 83 18 65 51 57 85 67 70 98 63 88 96 75 2 74 72 95 46 1 88 67 0 47 99 79 56 61 97 63 59 82 20 9 80 44 33 90
36 84 18 7 92 69 99 82 51 92 30 11 95 79 97 91 66 19 62 28 89 31 37 14 52 79 41 9 55 11 91 40 32 5 21 92 47 66 5 7 89 53 38 77 97 93 20 40 85 55 25 32 100 17 8 30 9 1 3 21 82 31 63 36 31 6 92 52 14 86 58 65 6 53 87 42 85 9 14 11 6 96 4 7 2 20 55 96 100 39 80 96 90 5 76 57 14 59 44 63
92 4 28 86 43 96 82 51 86 39 75 6 95 34 38 15 15 90 76 74 36 25 51 71 95 78 64 85 14 86 88 38 30 20 93 31 31 21 78 89 19 68 88 66 88 81 19 73 44 55 72 22 63 46 45 68 32 95 71 38 99 34 71 43 97 13 67 58 83 49 60 51 15 87 54 25 51 41 8 27 67 7 29 44 38 91 91 85 43 50 75 26 48 63 56 99 83 82 55 46
18 19 88 62 65 78 48 84 90 13 3 49 53 84 79 71 16 91 40 43 68 33 28 58 88 97 45 27 59 13 41 86 24 50 84 29 82 74 86 21 31 96 12 12 35 2 23 22 100 84 84 19 76 4 79 9 76 45 7 60 21 51 8 75 98 41 75 9 79 4 71 7 87 25 34 100 34 14 26 43 57 14 94 55 35 4 41 78 86 44 86 72 20 24 24 38 32 70 71 52
31 29 45 53 2 15 53 91 12 11 73 11 20 8 74 12 18 0 37 43 76 47 26 18 52 14 10 54 92 53 5 100 47 60 37 19 14 3 75 18 58 4 69 47 95 12 51 30 52 96 80 92 22 0 64 17 45 22 70 87 97 27 64 5 69 83 9 100 47 55 29 46 91 88 82 9 52 12 82 83 43 95 48 16 36 54 49 6 92 22 28 89 76 77 13 2 71 87 74 12
54 45 40 27 84 33 66 76 88 94 12 11 85 51 27 24 84 7 46 30 95 25 28 49 23 63 95 21 46 36 2 12 76 78 11 32 45 85 82 25 69 21 29 31 1 35 81 12 58 6 69 5 25 61 56 66 28 97 54 99 70 24 53 75 66 13 69 5 79 6 18 94 57 46 3 87 57 83 40 60 20 28 95 25 52 40 11 3 36 66 87 83 9 59 35 3 47 65 47 5
93 25 30 98 43 86 17 100 43 59 52 85 31 81 1 90 81 73 75 99 97 4 77 94 36 39 78 17 90 72 4 49 96 24 14 94 2 79 96 3 40 49 34 76 70 32 52 68 89 86 39 53 20 8 54 62 94 71 71 94 65 85 94 85 100 86 26 64 75 63 43 27 8 4 34 35 2 76 78 5 3 17 20 7 85 97 68 6 24 30 86 70 48 94 73 44 29 71 41 61
11 94 34 40 18 15 10 1 72 18 2 32 8 35 21 16 1 29 51 27 90 47 86 88 87 29 60 21 87 4 100 77 94 6 11 10 71 49 91 23 3 48 54 97 6 93 24 24 0 98 71 95 67 45 55 56 23 35 96 4 74 42 20 34 50 74 26 8 90 48 52 19 21 81 14 63 74 26 25 45 27 55 20 26 3 47 86 78 76 34 99 70 50 51 22 39 81 87 46 5
90 9 45 22 23 82 90 29 56 97 63 80 38 35 2 30 81 83 14 36 88 64 64 90 90 28 35 70 88 90 35 50 1 68 2 93 41 49 27 3 68 7 23 32 85 89 57 67 33 2 7 80 9 94 33 28 67 71 0 25 88 87 55 13 67 33 42 87 54 30 4 5 68 50 42 53 45 84 78 61 87 55 37 53 21 71 92 45 59 60 25 34 52 87 80 66 42 67 33 76
93 88 96 50 43 11 40 79 74 14 25 65 62 4 78 2 4 75 8 21 44 39 50 11 9 45 47 74 81 35 51 23 45 0 90 28 46 44 39 80 97 11 87 31 86 13 31 25 83 86 14 28 90 43 100 77 4 79 2 31 62 24 2 4 15 2 53 65 67 68 86 7 96 13 1 9 82 50 64 100 36 95 12 94 45 62 10 13 78 5 0 68 84 1 30 24 76 32 43 14
12 46 17 99 40 22 63 46 96 76 67 28 67 99 84 30 100 55 67 60 9 3 97 51 17 85 72 27 81 63 79 28 74 36 10 59 3 39 86 48 8 100 34 5 65 71 3 96 38 69 77 36 92 89 22 35 31 48 63 16 68 27 60 50 39 32 74 87 2 75 64 69 91 57 39 9 93 32 60 12 68 68 74 96 89 79 98 16 5 89 35 72 59 32 90 84 13 23 70 9
63 76 71 57 70 28 85 24 4 24 43 93 93 21 25 27 16 64 69 86 8 45 41 48 21 70 14 38 60 37 36 80 26 80 75 99 76 90 79 70 19 86 84 29 93 98 92 98 97 95 54 68 43 93 61 67 61 53 51 55 62 36 9 61 72 68 48 77 23 4 96 28 47 75 13 33 89 70 85 74 41 37 54 94 23 60 18 72 48 9 12 32 48 57 3 100 64 99 83 3
87 41 31 63 64 89 42 21 46 91 56 5 5 13 84 56 95 88 49 86 77 15 45 38 84 3 79 29 16 54 36 82 68 61 57 53 47 38 74 81 51 22 8 25 94 4 58 52 77 45 42 9 26 48 6 51 63 77 36 62 56 92 39 70 31 35 44 71 13 93 39 37 57 27 72 5 46 45 92 28 26 55 55 59 58 53 76 21 42 43 41 78 2 69 1 14 11 10 37 34
32 93 74 32 63 73 61 33 32 7 64 97 38 93 77 35 71 67 91 49 83 49 97 79 87 76 9 3 33 54 41 50 14 14 76 16 43 54 94 22 32 2 42 17 0 46 56 93 7 3 48 44 44 14 81 85 5 68 58 30 74 24 7 34 70 93 59 54 30 5 40 11 54 47 99 5 9 84 77 74 100 96 82 56 36 40 5 68 60 66 17 70 21 54 50 24 36 35 87 64
31 11 17 4 56 93 16 36 30 53 22 8 31 56 89 31 69 37 73 53 65 96 67 88 52 39 91 58 96 22 85 74 79 32 55 25 11 33 1 65 75 14 62 45 72 78 11 89 69 14 86 86 7 92 66 13 76 95 80 49 36 29 41 99 51 16 58 55 10 57 66 77 97 27 63 48 2 3 54 70 76 92 7 51 26 57 66 4 32 36 59 67 37 23 89 29 68 45 75 17
90 48 99 18 65 18 46 43 100 82 94 46 54 78 68 17 48 45 19 68 81 9 36 98 39 52 10 81 18 7 9 5 48 44 82 67 25 0 27 97 40 75 14 28 100 50 33 9 67 49 1 49 37 48 65 99 87 42 2 29 83 38 57 46 49 36 66 59 23 26 91 80 41 51 19 59 12 39 77 58 19 33 19 48 32 74 35 78 9 13 54 69 12 75 33 98 93 71 53 38
35 52 52 83 91 39 9 87 87 89 70 15 26 38 4 37 44 14 87 73 30 75 90 10 88 79 11 53 99 14 65 73 41 6 15 41 80 42 72 51 61 53 78 86 89 12 35 62 35 55 45 12 46 19 52 25 65 89 91 42 17 56 26 80 86 59 72 27 16 46 97 54 16 71 50 92 51 40 32 90 75 15 44 54 50 35 97 23 67 82 81 86 29 7 7 12 10 68 18 42
46 37 42 52 88 81 15 26 15 40 74 31 62 31 22 35 6 33 42 77 98 29 12 13 92 15 8 47 71 83 27 60 56 1 23 21 72 31 85 99 17 61 73 80 31 83 72 12 94 48 25 7 72 2 80 70 38 85 53 42 65 57 60 77 34 43 93 89 71 0 33 50 73 18 4 85 57 70 24 82 49 16 95 89 41 69 30 64 53 93 36 4 63 93 97 81 80 95 59 24
72 25 25 97 82 39 43 70 65 94 75 70 92 55 54 12 65 28 87 98 98 90 73 82 93 16 23 73 85 90 55 66 68 72 1 97 95 28 67 99 81 14 65 40 26 91 17 95 25 27 70 27 7 42 15 53 22 67 73 28 70 14 70 91 86 15 8 5 61 64 48 4 68 9 75 70 46 72 13 25 95 62 34 60 23 97 21 22 19 46 46 28 97 12 20 23 2 67 70 34
78 31 33 100 77 87 72 17 87 43 68 60 47 95 39 12 11 23 40 9 33 60 66 1 10 45 65 45 84 73 51 50 43 52 25 28 35 52 1 70 63 10 78 96 92 67 87 4 3 66 70 24 56 72 89 15 87 17 31 43 82 84 1 11 15 5 54 23 57 90 67 66 78 59 93 97 37 31 10 55 75 22 98 60 1 70 100 44 15 58 31 23 13 34 8 90 58 8 40 39
87 8 32 96 18 32 17 44 36 92 82 25 13 38 32 39 99 75 78 81 88 58 5 42 26 94 12 56 73 57 46 43 72 28 5 25 37 84 79 29 13 77 56 35 25 96 76 30 2 57 27 7 13 33 50 42 68 94 43 30 10 69 29 13 22 59 68 59 35 30 14 68 19 63 73 91 96 92 24 68 14 96 1 53 86 92 45 62 60 61 29 88 24 69 49 16 61 35 13 23
23 19 48 53 36 26 65 49 50 39 5 84 72 33 100 73 96 83 4 77 26 86 83 14 93 39 9 72 90 53 2 53 63 13 85 1 65 5 85 61 16 34 57 86 66 95 69 90 22 68 50 43 11 0 73 24 46 89 16 73 8 62 44 60 88 66 69 91 82 48 33 100 39 52 71 64 73 2 15 83 34 23 33 40 68 0 53 77 22 6 97 8 4 34 60 1 51 25 41 79
94 87 78 40 52 40 90 87 0 59 96 48 67 47 57 12 48 19 77 73 38 23 14 76 86 62 25 66 19 78 31 56 50 83 100 94 21 3 98 57 30 98 50 33 82 52 15 44 64 32 61 34 14 14 72 33 79 24 62 43 15 8 71 94 14 51 20 42 76 31 58 50 79 18 7 29 76 3 11 11 51 10 61 83 39 71 100 95 27 81 33 27 66 41 26 41 92 22 99 33
10 28 66 31 58 100 38 82 63 39 86 10 1 76 4 63 47 98 3 37 54 30 26 98 11 88 90 52 12 55 99 50 80 71 100 68 47 30 81 100 20 19 94 85 28 33 83 44 87 63 98 93 6 46 69 91 27 37 84 21 85 16 8 84 79 9 0 66 9 22 1 39 14 69 70 78 71 33 31 36 80 92 63 55 85 28 14 6 73 72 96 89 64 21 98 90 91 15 47 26
91 11 63 61 89 79 4 2 91 29 29 39 54 54 57 69 19 81 78 82 92 87 74 26 27 61 32 25 30 42 58 60 39 90 58 92 32 29 92 14 5 98 26 22 93 76 88 22 34 40 32 6 69 29 10 35 80 64 88 25 54 42 79 71 50 81 10 39 63 87 68 98 39 82 7 39 89 45 38 14 80 69 50 78 60 83 96 45 37 72 1 24 27 72 19 68 55 34 17 74
